200504028461
200509248431
200510021071
200603112031
200604305711
201001251801
201102247201
201103196541
201201088142
201410134032
201504268422
201506261872
201507117282
201507179802
201509299722
201510065722
201510204922
201603256062
201603287032
201701089802
201806286782
201809213552
201811298552
201812303372
201904212622
201905271572
201908031632
201909075222
201910050152
201912011482
202001057812
202002074102
202011154722
202103069862
202104242902
202106200392
202106200522
202106272692
202109306822
202111207782
202204136962
202205182792
202206187332
202206219802
202207170332
202208207432
202208302892
202211132862
202211202892
202211205572
202212118122
202212296182
202301080112
202301260072
202301313172
202301313752
202302056192
202302289572
202303053472
202303054572
202303106932
202303189992
202303243262
202303254132
202303307282
202304092712
202304155572
202304230512
202304272482
202304293752
202305142522
202306119312
202306172342
202306278802
202306299862
202307202992
202308073442
202308294452
202309108732
202310011472
202310138252
202310172562
202310310372
202311116572
202311264632
202311285862
202312081752
202312092782
202312282172
202401076662
202401150612
202402021292
202402095872
202402107122
202402192782
202403094792
202403266572
202403287512
202403319162
202404073262
202404125792
202404148082
202404149222
202404214252
202404256972
202404267562
202405031882
202405053462
202405319332
202406019572
202406019852
202406021292
202406021752
202406072542
202406094702
202406158262
202406158442
202406222572
202407070752
202407070982
202407071132
202407123272
202407137192
202407144752
202407208892
202407241152
202407263152
202407272782
202407283562
202407283902
202407285002
202408027182
202408037652
202408090602
202408101152
202408112712
202408153902
202408164182
202408185342
202408185642
202408232462
202408271172
202408281622
202408302452
202409024582
202409025022
202409069552
202409076382
202409087032
202409129022
202409139472
202409150762
202409224672
202409246212
202409278052
202409278492
202409287352
202409298542
202410043742
202410052042
202410063012
202410126522
202410137872
202410180302
202410191412
202410201662
202410201922
202410202452
202410254642
202410265212
202410265252
202410287492
202410297872
202411020292
202411029932
202411030842
202411073402
202411119182
202411127612
202411137192
202411172732
202411179362
202411179532
202411179882
202411181392
202411234672
202411244502
202411245082
202411266222
202412070422
202412081282
202412081582
202412108682
202412145002
202412145052
202412147172
202412155842
202412156502
202412167232
202412188422
202412194582
202412261992
202412282792
202412293182
202501014562
202501046612
202501056652
202501056982
202501108822
202501110912
202501119832
202501120802
202501173232
202501183972
202501185552
202501194452
202501205702
202501206022
202501206392
202501258102
202501259752
202501269672
202501269922
202501281002
202501281072
202501302022
202502013432
202502013912
202502024442
202502025172
202502025372
202502028882
202502076602
202502086712
202502087662
202502098972
202502111022
202502152742
202502162292
202502173342
202502173432
202502174132
202502174782
202502225792
202502227332
202502236972
202502237252
202502237312
202502237452
202502238342
202502258832
202502259542
202502269282
202502271152
202503010852
202503011472
202503015542
202503022962
202503033902
202503097082
202503129012
202503151782
202503161262
202503162542
202503225132
202503225842
202503226952
202503235232
202503235942
202503236212
202503257042
202503257302
202503258072
202503267542
202503279212
202503288472
202503288642
202503292162
202503298942
202503299192
202503299662
202503300322
202503300822
202504043322
202504050672
202504054292
202504055932
202504055942
202504065042
202504065362
202504117382
202504128002
202504128482
202504128642
202504129172
202504131242
202504139762
202504161322
202504182532
202504193642
202504204152
202504204522
202504245992
202504256512
202504267262
202504267452
202504267822
202504268692
202504274892
202504278452
202504278722
202504278872
202504290312
202504290482
202504300812
202504300842
202505017592
202505021502
202505032012
202505032382
202505032422
202505032572
202505043192
202505043482
202505043612
202505065462
202505085452
202505105892
202505106012
202505106272
202505116662
202505117362
202505117402
202505127542
202505148032
202505168822
202505175392
202505179912
202505180152
202505180662
202505180802
202505181542
202505210582
202505212532
202505233362
202505243792
202505244742
202505254802
202505265772
202505265792
202505265992
202505266212
202505276432
202505281552
202505286782
202505286862
202505287032
202505297082
202505297272
202505307812
202505307822
202505312782
202505318162
202505318392
202505318542
202505319002
202506010172
202506019052
202506020132
202506020822
202506051612
202506072122
202506072252
202506072422
202506072452
202506072632
202506072802
202506072912
202506073522
202506073912
202506083352
202506083362
202506083432
202506083512
202506083832
202506124972
202506135222
202506135332
202506145882
202506145982
202506146282
202506156612
202506156752
202506156762
202506156922
202506156952
202506167602
202506178262
202506188552
202506188562
202506188572
202506189332
202506198842
202506210012
202506210562
202506210672
202506210772
202506210942
202506211612
202506211942
202506213322
202506219762
202506220832
202506221102
202506221212
202506221312
202506221572
202506223642
202506232072
202506242612
202506242662
202506242722
202506252922
202506252992
202506253062
202506253202
202506263482
202506263502
202506263522
202506263562
202506265992
202506274082
202506274112
202506274772
202506284702
202506285092
202506285102
202506285362
202506285372
202506295552
202506295662
202506295772
202506295922
202506295932
202506296022
202506296062
202506306742
202506306782
