10013721
10014522
10016614
10017734
10088259
10120225
10120560
10135273
10146712
11366805
11434801
12000550
12214270
12399747
12400615
12411472
12430870
12432059
12433459
12454998
12487244
12497363
12511481
12513936
12540477
12565373
12566496
12584196
12595285
12653439
12655775
12659519
12665551
12679142
12686129
12686854
12689073
12715741
12734710
12740272
12748218
12798352
12816200
12846607
12850635
12864842
12873112
12876703
12879249
12883980
12887861
12888390
12891598
12893979
12912297
12922162
12925677
12929129
12929219
12933153
12939327
12964843
13157281
13206647
13209695
13226181
13228778
13433622
13569106
13599730
13614110
13669318
13679247
13688544
13743328
13751622
13794896
13797221
13819305
13869178
13907948
13958197
13987660
13997981
14054091
14066747
14114017
14154077
14159528
14258262
14297265
14297271
14302486
14306411
14356607
14361257
14436252
14468793
14490692
14515274
14522024
14534740
14620637
14702493
14715730
14765445
14805835
14810306
14933988
14958088
14969622
14973655
14996506
15070834
15104232
15110208
15111987
15194137
15200572
15206958
15208447
15210212
15214147
15223527
15248334
15263723
15464283
15486461
15486476
15502462
15524414
15540607
15546331
15610873
15689178
15714654
15718966
15724048
15742464
15770981
15782648
15786752
15794580
15826242
15842414
15844061
15847358
15881492
15913395
15922026
15938730
15949766
15955858
15989908
16056990
16076161
16096060
16099404
16151483
16155376
16225038
16231178
16237733
16312814
16351122
16378663
16379802
16386416
16388220
16405203
16429310
16431367
16433515
16433982
16438266
16458851
16471866
16486827
16496521
16543002
16552308
16575008
16584243
16634247
16679241
16696176
16727928
16732714
16736105
16758016
16758085
16771070
16787928
16792584
16818380
16835534
16836668
16869825
16880573
16901461
16901476
16904675
16918131
16923000
16939253
16947081
16966336
16966603
16971981
16979107
16988211
17012655
17024251
17026676
17102677
17104852
17111142
17121400
17146415
17173635
17182781
17207232
17286960
17290327
17300257
17348162
17349584
17350622
20008076
20008479
30020380
30036635
30059397
30086385
30100151
30100189
30145457
30151528
30154455
30173046
30178627
30185788
30200342
30201049
30202376
30204313
30214553
30221502
30223221
30225604
30226135
30230230
30237539
30237854
30241040
30242739
30258050
30264362
30286153
30290151
30291589
30295219
30300929
30301062
30302594
30303439
30304394
30305579
30305617
30308225
30313152
30323720
30337195
30340171
30347417
30349631
30350651
30353424
30355548
30359466
30366135
30386440
30394355
30413898
30415606
30425013
30427161
30429367
30440730
30443118
30461297
30463053
30477200
30485249
30495164
30509133
30509403
30512002
30538170
30540446
30551290
30557456
30568073
30581110
30582024
30583460
30595053
30602092
30624899
30631085
30631722
30644252
30658650
30668225
30674358
30675953
30677634
30683808
30683826
30686991
30689208
30689620
30697005
30698398
30700239
30733511
30739679
30749441
30750774
30762932
30787540
30807525
30812349
30816000
30818027
30827340
30855444
30892825
30900390
30909998
30911026
30932216
30956549
30959644
30965422
30992338
30993277
30996030
30996955
31011751
31024335
31032963
31081747
31088699
31092762
31119430
31142388
31163786
31174773
31175009
31180759
31185841
31189937
31199415
31225410
31225459
31233085
31240759
31242238
31284405
31285643
31286868
31299660
31299670
31305775
31309737
31316129
31322762
31326769
31344984
31346326
31346464
31348535
31349918
31352673
31369771
31373902
31391614
31393958
31397309
31397836
31419551
31423923
31424444
31428701
31443351
31449794
31450464
31453983
31463852
31467904
31491564
31497457
31504847
31518888
31520041
31539977
31571134
31577779
31580043
31580612
31599223
31634009
31643583
31646336
31658074
31665965
31672499
31675956
31676878
31679961
31683576
31708125
31713013
31713452
31722363
31729569
31764039
31765105
31766661
31775268
31781880
31784635
31804472
31807473
31810617
31810666
31812175
31814115
31814635
31816882
31834676
31856279
31857207
31861134
31869358
31870276
31874156
31895018
31895949
31908201
31910809
31912082
31920031
31923666
31930461
31934864
31935489
31946968
31949373
31971144
31972433
31975317
31983834
31984723
32006413
32006856
32008093
32009918
32013006
32013995
32021110
32023910
32024697
32025063
32026662
32039568
32040038
32055450
32062698
32065670
32079788
32082678
32084097
32105198
32113596
32115943
32116702
32119295
32123789
32132979
32135372
32137289
32142056
32143902
32147570
32151805
32155267
32160073
32162101
32165131
32180908
32187619
32204450
32207836
32208348
32208651
32209370
32214390
32214963
32215402
32217241
32218184
32219291
32224317
32225114
32225384
32226901
32230672
32231049
32231162
32232109
32240928
32248945
32249245
32249255
32251215
32256191
32267397
32282282
32285284
32287464
32289909
32290707
32292020
32300485
32314712
32325367
32333711
32334540
32335166
32356631
32360187
32362109
32365301
32385116
32387434
32389941
32390635
32391024
32392411
32431962
32438075
32439441
32440244
32440360
32446671
32449770
32449898
32455261
32460007
32467768
32469882
32472013
32474847
32477775
32490129
32493728
32496347
32497492
32497520
